18
10 2
46 34
81 30
51 41
27 15
37 35
26 44
47 18
49 45
78 38
44 53
10 2
24 45
 0 31
18 23
 5 18
74 28
54 56
25 10
78 35
73 53
64 38
10 2
75  8
50 44
64 31
58 31
31 24
18  0
 8 54
52 47
50  0
30 12
10 2
56 21
13 44
12 18
13 12
 2 40
14 22
39 30
37 29
43 50
70  2
10 2
37 29
65 14
45 28
53 19
76 24
19 34
48 23
10 51
10 36
 9 12
10 2
28 46
24  9
79  2
51 12
62 16
60 27
67 14
35 21
42 36
83 37
10 2
11 26
10 31
45 25
66  2
 2 20
64 44
 4 19
81 21
84 13
43 47
10 2
34 37
 0 11
79 30
45 15
65  5
42  1
45  0
57 24
27 27
19 25
10 2
11 24
30  5
41 35
21 24
49  9
74  8
84 35
57 16
36 31
13  7
10 2
132 145
154 152
131 317
189  78
 30 340
140  25
414 109
101 235
202 354
346 133
10 2
264 339
 15 191
374 307
268  39
 44 294
 31 261
306 129
338 253
 15 207
327  99
10 2
 14 410
 65 344
173 309
303 354
 69 246
266 398
293   1
 33  51
160 408
215 254
10 2
456 187
321 206
271 281
316 157
374 249
386  19
283 105
 97 221
252 335
 73 197
10 2
244 297
295  16
290  72
144 134
417 193
144 265
156  21
446 247
270 191
473 250
10 2
253 104
116  31
205 299
 98 383
317 394
260 356
 78 299
 63 389
319 116
  7 119
10 2
 31 193
219 193
104 333
134 420
166  99
266 219
264 140
219  15
104 197
 45 193
10 2
103 196
213 254
142   5
 64  27
308   6
341 163
160 220
226  17
277 151
 41 144
10 2
224 271
393  15
 27 219
232 286
377 303
411  92
230  77
256 208
442 184
226  41
