947 2 6
car_003_00000000.png 0 0 100 77 50 39 93 90 3
car_003_00000001.png 0 0 100 76 50 38 96 91 3
car_003_00000002.png 0 0 100 75 50 38 95 90 3
car_003_00000003.png 0 0 100 73 50 37 98 89 3
car_003_00000004.png 0 0 100 68 50 34 103 89 3
car_003_00000005.png 0 0 100 64 50 32 103 90 3
car_003_00000006.png 0 0 100 63 50 32 107 91 3
car_003_00000007.png 0 0 100 59 50 30 107 88 3
car_003_00000008.png 0 0 100 56 50 28 111 94 3
car_003_00000009.png 0 0 100 56 50 28 113 91 3
car_003_00000010.png 0 0 100 53 50 27 117 90 3
car_003_00000011.png 0 0 100 52 50 26 118 87 3
car_003_00000012.png 0 0 100 50 50 25 122 90 3
car_003_00000013.png 0 0 100 49 50 25 125 90 3
car_003_00000014.png 0 0 100 46 50 23 129 90 3
car_003_00000015.png 0 0 100 46 50 23 130 91 3
car_003_00000016.png 0 0 100 45 50 23 132 90 3
car_003_00000017.png 0 0 100 44 50 22 136 91 3
car_003_00000018.png 0 0 100 43 50 22 137 90 3
car_003_00000019.png 0 0 100 41 50 21 140 91 3
car_003_00000020.png 0 0 100 40 50 20 144 92 3
car_003_00000021.png 0 0 100 40 50 20 147 90 3
car_003_00000022.png 0 0 100 38 50 19 151 93 4
car_003_00000023.png 0 0 100 38 50 19 153 94 4
car_003_00000024.png 0 0 100 38 50 19 157 92 4
car_003_00000025.png 0 0 100 37 50 19 158 94 4
car_003_00000026.png 0 0 100 37 50 19 158 93 4
car_003_00000027.png 0 0 100 36 50 18 163 94 4
car_003_00000028.png 0 0 100 35 50 18 163 93 4
car_003_00000029.png 0 0 100 35 50 18 167 93 4
car_003_00000030.png 0 0 100 35 50 18 168 94 4
car_003_00000031.png 0 0 100 34 50 17 172 93 4
car_003_00000032.png 0 0 100 34 50 17 174 93 4
car_003_00000033.png 0 0 100 33 50 17 177 93 4
car_003_00000034.png 0 0 100 33 50 17 180 94 4
car_003_00000035.png 0 0 100 33 50 17 182 91 4
car_003_00000036.png 0 0 100 33 50 17 185 93 4
car_003_00000037.png 0 0 100 34 50 17 188 93 4
car_003_00000038.png 0 0 100 34 50 17 192 95 4
car_003_00000039.png 0 0 100 35 50 18 193 93 4
car_003_00000040.png 0 0 100 34 50 17 197 92 4
car_003_00000041.png 0 0 100 35 50 18 197 93 4
car_003_00000042.png 0 0 100 37 50 19 201 92 4
car_003_00000043.png 0 0 100 54 50 27 233 81 5
car_003_00000044.png 0 0 100 56 50 28 235 81 5
car_003_00000045.png 0 0 100 57 50 29 235 81 5
car_003_00000046.png 0 0 100 59 50 30 237 80 5
car_003_00000047.png 0 0 100 62 50 31 242 83 5
car_003_00000048.png 0 0 100 65 50 33 247 81 5
car_003_00000049.png 0 0 100 65 50 33 253 82 5
car_003_00000050.png 0 0 100 65 50 33 257 81 5
car_003_00000051.png 0 0 100 72 50 36 253 79 5
car_003_00000052.png 0 0 100 75 50 38 256 81 5
car_003_00000053.png 0 0 100 80 50 40 262 79 5
car_003_00000054.png 0 0 100 81 50 41 262 77 5
car_003_00000055.png 0 0 100 81 50 41 268 78 5
car_003_00000056.png 0 0 100 80 50 40 273 76 6
car_003_00000057.png 0 0 100 76 50 38 276 77 6
car_003_00000058.png 0 0 100 74 50 37 279 77 6
car_003_00000059.png 0 0 100 71 50 36 283 76 6
car_003_00000060.png 0 0 100 66 50 33 285 77 6
car_003_00000061.png 0 0 100 63 50 32 288 77 6
car_003_00000062.png 0 0 100 58 50 29 292 76 6
car_003_00000063.png 0 0 100 56 50 28 296 75 6
car_003_00000064.png 0 0 100 54 50 27 299 75 6
car_003_00000065.png 0 0 100 50 50 25 303 76 6
car_003_00000066.png 0 0 100 49 50 25 306 76 6
car_003_00000067.png 0 0 100 47 50 24 306 76 6
car_003_00000068.png 0 0 100 45 50 23 317 76 6
car_003_00000069.png 0 0 100 43 50 22 318 76 6
car_003_00000070.png 0 0 100 43 50 22 322 77 6
car_003_00000071.png 0 0 100 42 50 21 326 74 6
car_003_00000072.png 0 0 100 40 50 20 327 76 6
car_003_00000073.png 0 0 100 41 50 21 329 76 6
car_003_00000074.png 0 0 100 39 50 20 334 76 1
car_003_00000075.png 0 0 100 38 50 19 337 76 1
car_003_00000076.png 0 0 100 37 50 19 339 77 1
car_003_00000077.png 0 0 100 38 50 19 342 77 1
car_003_00000078.png 0 0 100 38 50 19 347 76 1
car_003_00000079.png 0 0 100 38 50 19 352 78 1
car_003_00000080.png 0 0 100 38 50 19 356 78 1
car_003_00000081.png 0 0 100 38 50 19 358 78 1
car_003_00000082.png 0 0 100 39 50 20 2 78 1
car_003_00000083.png 0 0 100 39 50 20 2 78 1
car_003_00000084.png 0 0 100 40 50 20 9 81 1
car_003_00000085.png 0 0 100 41 50 21 12 80 1
car_003_00000086.png 0 0 100 40 50 20 14 80 1
car_003_00000087.png 0 0 100 41 50 21 19 81 1
car_003_00000088.png 0 0 100 41 50 21 23 80 1
car_003_00000089.png 0 0 100 43 50 22 26 83 1
car_003_00000090.png 0 0 100 43 50 22 30 84 1
car_003_00000091.png 0 0 100 44 50 22 34 81 2
car_003_00000092.png 0 0 100 45 50 23 35 83 2
car_003_00000093.png 0 0 100 45 50 23 39 83 2
car_003_00000094.png 0 0 100 47 50 24 44 81 2
car_003_00000095.png 0 0 100 48 50 24 47 84 2
car_003_00000096.png 0 0 100 48 50 24 49 83 2
car_003_00000097.png 0 0 100 49 50 25 56 86 2
car_003_00000098.png 0 0 100 51 50 26 58 86 2
car_003_00000099.png 0 0 100 53 50 27 59 84 2
car_003_00000100.png 0 0 100 54 50 27 61 87 2
car_003_00000101.png 0 0 100 56 50 28 62 83 2
car_003_00000102.png 0 0 100 58 50 29 62 85 2
car_003_00000103.png 0 0 100 59 50 30 63 84 2
car_003_00000104.png 0 0 100 62 50 31 66 83 2
car_003_00000105.png 0 0 100 64 50 32 69 86 2
car_003_00000106.png 0 0 100 66 50 33 72 86 2
car_003_00000107.png 0 0 100 68 50 34 78 87 2
car_003_00000108.png 0 0 100 71 50 36 80 88 2
car_003_00000109.png 0 0 100 74 50 37 80 89 2
car_003_00000110.png 0 0 100 76 50 38 83 91 2
car_003_00000111.png 0 0 100 78 50 39 87 87 2
car_003_00000112.png 0 0 100 78 50 39 88 89 2
car_003_00000113.png 0 0 100 77 50 39 90 92 2
car_004_00000000.png 0 0 100 41 50 21 20 82 1
car_004_00000001.png 0 0 100 42 50 21 25 82 1
car_004_00000002.png 0 0 100 42 50 21 29 84 1
car_004_00000003.png 0 0 100 44 50 22 34 81 2
car_004_00000004.png 0 0 100 47 50 24 42 84 2
car_004_00000005.png 0 0 100 50 50 25 53 83 2
car_004_00000006.png 0 0 100 54 50 27 63 83 2
car_004_00000007.png 0 0 100 59 50 30 71 84 2
car_004_00000008.png 0 0 100 61 50 31 79 89 2
car_004_00000009.png 0 0 100 67 50 34 85 87 2
car_004_00000010.png 0 0 100 77 50 39 93 89 3
car_004_00000011.png 0 0 100 81 50 41 99 87 3
car_004_00000012.png 0 0 100 82 50 41 108 88 3
car_004_00000013.png 0 0 100 74 50 37 116 86 3
car_004_00000014.png 0 0 100 66 50 33 125 87 3
car_004_00000015.png 0 0 100 60 50 30 132 84 3
car_004_00000016.png 0 0 100 57 50 29 143 86 3
car_004_00000017.png 0 0 100 48 50 24 147 87 3
car_004_00000018.png 0 0 100 53 50 27 160 84 4
car_004_00000019.png 0 0 100 49 50 25 166 85 4
car_004_00000020.png 0 0 100 43 50 22 172 84 4
car_004_00000021.png 0 0 100 38 50 19 176 83 4
car_004_00000022.png 0 0 100 40 50 20 185 84 4
car_004_00000023.png 0 0 100 42 50 21 193 84 4
car_004_00000024.png 0 0 100 43 50 22 200 81 4
car_004_00000025.png 0 0 100 47 50 24 211 83 5
car_004_00000026.png 0 0 100 49 50 25 219 84 5
car_004_00000027.png 0 0 100 50 50 25 226 82 5
car_004_00000028.png 0 0 100 53 50 27 233 81 5
car_004_00000029.png 0 0 100 59 50 30 242 80 5
car_004_00000030.png 0 0 100 65 50 33 254 81 5
car_004_00000031.png 0 0 100 70 50 35 257 82 5
car_004_00000032.png 0 0 100 77 50 39 269 84 5
car_004_00000033.png 0 0 100 88 50 44 275 82 6
car_005_00000000.png 0 0 100 35 50 18 153 86 4
car_005_00000001.png 0 0 100 35 50 18 153 86 4
car_005_00000002.png 0 0 100 36 50 18 150 84 3
car_005_00000003.png 0 0 100 36 50 18 148 86 3
car_005_00000004.png 0 0 100 37 50 19 143 85 3
car_005_00000005.png 0 0 100 38 50 19 141 85 3
car_005_00000006.png 0 0 100 39 50 20 136 85 3
car_005_00000007.png 0 0 100 41 50 21 135 85 3
car_005_00000008.png 0 0 100 42 50 21 130 84 3
car_005_00000009.png 0 0 100 44 50 22 128 85 3
car_005_00000010.png 0 0 100 46 50 23 123 84 3
car_005_00000011.png 0 0 100 49 50 25 121 85 3
car_005_00000012.png 0 0 100 52 50 26 115 84 3
car_005_00000013.png 0 0 100 56 50 28 112 84 3
car_005_00000014.png 0 0 100 60 50 30 106 85 3
car_005_00000015.png 0 0 100 65 50 33 103 85 3
car_005_00000016.png 0 0 100 68 50 34 96 85 3
car_005_00000017.png 0 0 100 70 50 35 93 88 3
car_005_00000018.png 0 0 100 74 50 37 86 89 2
car_005_00000019.png 0 0 100 72 50 36 84 87 2
car_005_00000020.png 0 0 100 67 50 34 80 86 2
car_005_00000021.png 0 0 100 62 50 31 74 86 2
car_005_00000022.png 0 0 100 58 50 29 69 87 2
car_005_00000023.png 0 0 100 55 50 28 63 86 2
car_005_00000024.png 0 0 100 51 50 26 59 85 2
car_005_00000025.png 0 0 100 48 50 24 53 85 2
car_005_00000026.png 0 0 100 46 50 23 49 84 2
car_005_00000027.png 0 0 100 43 50 22 44 85 2
car_005_00000028.png 0 0 100 41 50 21 42 86 2
car_005_00000029.png 0 0 100 40 50 20 39 86 2
car_005_00000030.png 0 0 100 39 50 20 37 86 2
car_005_00000031.png 0 0 100 38 50 19 35 86 2
car_005_00000032.png 0 0 100 37 50 19 30 85 1
car_005_00000033.png 0 0 100 36 50 18 26 86 1
car_005_00000034.png 0 0 100 36 50 18 20 84 1
car_005_00000035.png 0 0 100 35 50 18 18 85 1
car_005_00000036.png 0 0 100 35 50 18 13 84 1
car_005_00000037.png 0 0 100 35 50 18 11 83 1
car_005_00000038.png 0 0 100 35 50 18 11 84 1
car_005_00000039.png 0 0 100 34 50 17 6 82 1
car_005_00000040.png 0 0 100 35 50 18 4 83 1
car_005_00000041.png 0 0 100 35 50 18 358 81 1
car_005_00000042.png 0 0 100 36 50 18 354 82 1
car_005_00000043.png 0 0 100 37 50 19 348 81 1
car_005_00000044.png 0 0 100 39 50 20 346 81 1
car_005_00000045.png 0 0 100 40 50 20 343 81 1
car_005_00000046.png 0 0 100 40 50 20 340 80 1
car_005_00000047.png 0 0 100 39 50 20 335 80 1
car_005_00000048.png 0 0 100 39 50 20 331 81 1
car_005_00000049.png 0 0 100 39 50 20 325 81 6
car_005_00000050.png 0 0 100 42 50 21 323 82 6
car_005_00000051.png 0 0 100 43 50 22 323 84 6
car_005_00000052.png 0 0 100 43 50 22 320 84 6
car_005_00000053.png 0 0 100 44 50 22 318 85 6
car_005_00000054.png 0 0 100 46 50 23 318 83 6
car_005_00000055.png 0 0 100 47 50 24 319 83 6
car_005_00000056.png 0 0 100 55 50 28 301 80 6
car_005_00000057.png 0 0 100 55 50 28 298 80 6
car_005_00000058.png 0 0 100 57 50 29 292 77 6
car_005_00000059.png 0 0 100 58 50 29 290 78 6
car_005_00000060.png 0 0 100 63 50 32 286 80 6
car_005_00000061.png 0 0 100 68 50 34 287 78 6
car_005_00000062.png 0 0 100 70 50 35 286 77 6
car_005_00000063.png 0 0 100 77 50 39 267 77 5
car_005_00000064.png 0 0 100 76 50 38 265 76 5
car_005_00000065.png 0 0 100 76 50 38 263 73 5
car_005_00000066.png 0 0 100 73 50 37 261 73 5
car_005_00000067.png 0 0 100 71 50 36 260 77 5
car_005_00000068.png 0 0 100 65 50 33 249 76 5
car_005_00000069.png 0 0 100 63 50 32 246 78 5
car_005_00000070.png 0 0 100 61 50 31 245 77 5
car_005_00000071.png 0 0 100 55 50 28 236 77 5
car_005_00000072.png 0 0 100 42 50 21 207 79 4
car_005_00000073.png 0 0 100 42 50 21 206 79 4
car_005_00000074.png 0 0 100 41 50 21 204 80 4
car_005_00000075.png 0 0 100 40 50 20 201 80 4
car_005_00000076.png 0 0 100 40 50 20 198 79 4
car_005_00000077.png 0 0 100 37 50 19 196 80 4
car_005_00000078.png 0 0 100 38 50 19 194 82 4
car_005_00000079.png 0 0 100 37 50 19 195 81 4
car_005_00000080.png 0 0 100 37 50 19 196 83 4
car_005_00000081.png 0 0 100 37 50 19 194 82 4
car_005_00000082.png 0 0 100 36 50 18 188 81 4
car_005_00000083.png 0 0 100 34 50 17 188 83 4
car_005_00000084.png 0 0 100 34 50 17 179 83 4
car_005_00000085.png 0 0 100 34 50 17 176 82 4
car_005_00000086.png 0 0 100 34 50 17 170 83 4
car_005_00000087.png 0 0 100 35 50 18 166 82 4
car_005_00000088.png 0 0 100 35 50 18 159 82 4
car_005_00000089.png 0 0 100 36 50 18 155 83 4
car_005_00000090.png 0 0 100 37 50 19 147 85 3
car_005_00000091.png 0 0 100 37 50 19 144 86 3
car_005_00000092.png 0 0 100 38 50 19 140 86 3
car_005_00000093.png 0 0 100 39 50 20 136 86 3
car_005_00000094.png 0 0 100 41 50 21 131 86 3
car_005_00000095.png 0 0 100 42 50 21 128 86 3
car_005_00000096.png 0 0 100 44 50 22 122 86 3
car_005_00000097.png 0 0 100 46 50 23 119 86 3
car_005_00000098.png 0 0 100 49 50 25 113 87 3
car_006_00000000.png 0 0 100 85 50 43 94 86 3
car_006_00000001.png 0 0 100 79 50 40 101 88 3
car_006_00000002.png 0 0 100 76 50 38 105 89 3
car_006_00000003.png 0 0 100 72 50 36 107 89 3
car_006_00000004.png 0 0 100 69 50 35 112 88 3
car_006_00000005.png 0 0 100 65 50 33 116 90 3
car_006_00000006.png 0 0 100 62 50 31 120 89 3
car_006_00000007.png 0 0 100 60 50 30 119 88 3
car_006_00000008.png 0 0 100 58 50 29 124 87 3
car_006_00000009.png 0 0 100 56 50 28 127 89 3
car_006_00000010.png 0 0 100 54 50 27 132 87 3
car_006_00000011.png 0 0 100 52 50 26 133 89 3
car_006_00000012.png 0 0 100 50 50 25 136 87 3
car_006_00000013.png 0 0 100 49 50 25 138 90 3
car_006_00000014.png 0 0 100 48 50 24 143 91 3
car_006_00000015.png 0 0 100 47 50 24 145 89 3
car_006_00000016.png 0 0 100 46 50 23 145 88 3
car_006_00000017.png 0 0 100 46 50 23 150 87 3
car_006_00000018.png 0 0 100 45 50 23 153 87 4
car_006_00000019.png 0 0 100 44 50 22 160 88 4
car_006_00000020.png 0 0 100 44 50 22 160 85 4
car_006_00000021.png 0 0 100 44 50 22 162 86 4
car_006_00000022.png 0 0 100 44 50 22 166 87 4
car_006_00000023.png 0 0 100 43 50 22 169 86 4
car_006_00000024.png 0 0 100 44 50 22 173 86 4
car_006_00000025.png 0 0 100 42 50 21 176 85 4
car_006_00000026.png 0 0 100 42 50 21 181 86 4
car_006_00000027.png 0 0 100 42 50 21 183 84 4
car_006_00000028.png 0 0 100 43 50 22 185 84 4
car_006_00000029.png 0 0 100 44 50 22 189 83 4
car_006_00000030.png 0 0 100 45 50 23 191 85 4
car_006_00000031.png 0 0 100 44 50 22 196 83 4
car_006_00000032.png 0 0 100 45 50 23 200 83 4
car_006_00000033.png 0 0 100 46 50 23 203 81 4
car_006_00000034.png 0 0 100 48 50 24 208 83 4
car_006_00000035.png 0 0 100 50 50 25 213 83 5
car_006_00000036.png 0 0 100 52 50 26 218 83 5
car_006_00000037.png 0 0 100 54 50 27 226 86 5
car_006_00000038.png 0 0 100 54 50 27 228 83 5
car_006_00000039.png 0 0 100 55 50 28 229 82 5
car_006_00000040.png 0 0 100 58 50 29 236 81 5
car_006_00000041.png 0 0 100 61 50 31 236 81 5
car_006_00000042.png 0 0 100 65 50 33 239 82 5
car_006_00000043.png 0 0 100 69 50 35 248 80 5
car_006_00000044.png 0 0 100 74 50 37 250 79 5
car_006_00000045.png 0 0 100 80 50 40 254 77 5
car_006_00000046.png 0 0 100 85 50 43 261 80 5
car_006_00000047.png 0 0 100 90 50 45 265 77 5
car_006_00000048.png 0 0 100 91 50 46 268 79 5
car_006_00000049.png 0 0 100 88 50 44 280 77 6
car_006_00000050.png 0 0 100 85 50 43 283 78 6
car_006_00000051.png 0 0 100 77 50 39 288 77 6
car_006_00000052.png 0 0 100 72 50 36 293 78 6
car_006_00000053.png 0 0 100 66 50 33 301 76 6
car_006_00000054.png 0 0 100 62 50 31 303 75 6
car_006_00000055.png 0 0 100 58 50 29 310 76 6
car_006_00000056.png 0 0 100 55 50 28 314 76 6
car_006_00000057.png 0 0 100 53 50 27 319 77 6
car_006_00000058.png 0 0 100 52 50 26 321 75 6
car_006_00000059.png 0 0 100 48 50 24 332 76 1
car_006_00000060.png 0 0 100 47 50 24 333 75 1
car_006_00000061.png 0 0 100 45 50 23 336 77 1
car_006_00000062.png 0 0 100 46 50 23 338 78 1
car_006_00000063.png 0 0 100 44 50 22 342 78 1
car_006_00000064.png 0 0 100 43 50 22 346 79 1
car_006_00000065.png 0 0 100 43 50 22 354 78 1
car_006_00000066.png 0 0 100 44 50 22 357 78 1
car_006_00000067.png 0 0 100 45 50 23 6 78 1
car_006_00000068.png 0 0 100 45 50 23 7 77 1
car_006_00000069.png 0 0 100 49 50 25 15 79 1
car_006_00000070.png 0 0 100 50 50 25 19 78 1
car_006_00000071.png 0 0 100 51 50 26 26 82 1
car_006_00000072.png 0 0 100 53 50 27 34 79 2
car_006_00000073.png 0 0 100 52 50 26 36 81 2
car_006_00000074.png 0 0 100 54 50 27 43 81 2
car_006_00000075.png 0 0 100 56 50 28 49 84 2
car_006_00000076.png 0 0 100 59 50 30 56 84 2
car_006_00000077.png 0 0 100 61 50 31 60 84 2
car_006_00000078.png 0 0 100 64 50 32 65 84 2
car_006_00000079.png 0 0 100 67 50 34 70 84 2
car_006_00000080.png 0 0 100 71 50 36 74 85 2
car_006_00000081.png 0 0 100 76 50 38 77 85 2
car_006_00000082.png 0 0 100 82 50 41 77 86 2
car_007_00000000.png 0 0 100 50 50 25 310 79 6
car_007_00000001.png 0 0 100 51 50 26 310 78 6
car_007_00000002.png 0 0 100 55 50 28 303 80 6
car_007_00000003.png 0 0 100 58 50 29 298 78 6
car_007_00000004.png 0 0 100 63 50 32 290 78 6
car_007_00000005.png 0 0 100 71 50 36 283 79 6
car_007_00000006.png 0 0 100 79 50 40 277 79 6
car_007_00000007.png 0 0 100 83 50 42 268 77 5
car_007_00000008.png 0 0 100 83 50 42 258 76 5
car_007_00000009.png 0 0 100 82 50 41 249 76 5
car_007_00000010.png 0 0 100 74 50 37 243 76 5
car_007_00000011.png 0 0 100 65 50 33 237 77 5
car_007_00000012.png 0 0 100 58 50 29 230 77 5
car_007_00000013.png 0 0 100 52 50 26 224 79 5
car_007_00000014.png 0 0 100 48 50 24 217 79 5
car_007_00000015.png 0 0 100 44 50 22 214 80 5
car_007_00000016.png 0 0 100 43 50 22 209 79 4
car_007_00000017.png 0 0 100 42 50 21 202 80 4
car_007_00000018.png 0 0 100 40 50 20 197 79 4
car_007_00000019.png 0 0 100 38 50 19 190 78 4
car_007_00000020.png 0 0 100 38 50 19 183 77 4
car_007_00000021.png 0 0 100 38 50 19 177 75 4
car_007_00000022.png 0 0 100 39 50 20 170 76 4
car_007_00000023.png 0 0 100 40 50 20 163 75 4
car_007_00000024.png 0 0 100 41 50 21 156 76 4
car_007_00000025.png 0 0 100 42 50 21 151 76 4
car_007_00000026.png 0 0 100 44 50 22 143 78 3
car_007_00000027.png 0 0 100 45 50 23 137 79 3
car_007_00000028.png 0 0 100 48 50 24 131 80 3
car_007_00000029.png 0 0 100 50 50 25 123 80 3
car_007_00000030.png 0 0 100 54 50 27 114 81 3
car_007_00000031.png 0 0 100 57 50 29 109 82 3
car_007_00000032.png 0 0 100 63 50 32 103 82 3
car_007_00000033.png 0 0 100 69 50 35 98 83 3
car_007_00000034.png 0 0 100 75 50 38 91 82 3
car_007_00000035.png 0 0 100 80 50 40 85 83 2
car_007_00000036.png 0 0 100 83 50 42 78 84 2
car_007_00000037.png 0 0 100 81 50 41 69 84 2
car_007_00000038.png 0 0 100 79 50 40 59 85 2
car_007_00000039.png 0 0 100 78 50 39 53 85 2
car_007_00000040.png 0 0 100 70 50 35 49 86 2
car_007_00000041.png 0 0 100 57 50 29 48 88 2
car_007_00000042.png 0 0 100 54 50 27 48 88 2
car_007_00000043.png 0 0 100 50 50 25 42 90 2
car_007_00000044.png 0 0 100 48 50 24 40 89 2
car_007_00000045.png 0 0 100 47 50 24 40 89 2
car_007_00000046.png 0 0 100 42 50 21 24 86 1
car_007_00000047.png 0 0 100 38 50 19 9 86 1
car_007_00000048.png 0 0 100 36 50 18 355 84 1
car_007_00000049.png 0 0 100 41 50 21 334 84 1
car_007_00000050.png 0 0 100 46 50 23 320 83 6
car_007_00000051.png 0 0 100 53 50 27 304 82 6
car_007_00000052.png 0 0 100 65 50 33 288 80 6
car_007_00000053.png 0 0 100 81 50 41 281 75 6
car_007_00000054.png 0 0 100 70 50 35 299 73 6
car_008_00000000.png 0 0 100 73 50 37 97 88 3
car_008_00000001.png 0 0 100 74 50 37 95 88 3
car_008_00000002.png 0 0 100 74 50 37 93 89 3
car_008_00000003.png 0 0 100 76 50 38 90 89 2
car_008_00000004.png 0 0 100 78 50 39 88 88 2
car_008_00000005.png 0 0 100 80 50 40 82 85 2
car_008_00000006.png 0 0 100 80 50 40 79 87 2
car_008_00000007.png 0 0 100 81 50 41 65 89 2
car_008_00000008.png 0 0 100 90 50 45 59 85 2
car_008_00000009.png 0 0 100 75 50 38 62 87 2
car_008_00000010.png 0 0 100 73 50 37 56 85 2
car_008_00000011.png 0 0 100 71 50 36 57 84 2
car_008_00000012.png 0 0 100 68 50 34 52 84 2
car_008_00000013.png 0 0 100 67 50 34 51 85 2
car_008_00000014.png 0 0 100 64 50 32 46 84 2
car_008_00000015.png 0 0 100 62 50 31 47 86 2
car_008_00000016.png 0 0 100 61 50 31 45 85 2
car_008_00000017.png 0 0 100 62 50 31 39 80 2
car_008_00000018.png 0 0 100 62 50 31 37 78 2
car_008_00000019.png 0 0 100 65 50 33 39 78 2
car_008_00000020.png 0 0 100 56 50 28 39 84 2
car_008_00000021.png 0 0 100 57 50 29 39 85 2
car_008_00000022.png 0 0 100 63 50 32 34 80 2
car_008_00000023.png 0 0 100 73 50 37 29 76 1
car_008_00000024.png 0 0 100 71 50 36 17 73 1
car_008_00000025.png 0 0 100 71 50 36 7 70 1
car_008_00000026.png 0 0 100 67 50 34 352 69 1
car_008_00000027.png 0 0 100 67 50 34 339 68 1
car_008_00000028.png 0 0 100 68 50 34 327 68 6
car_008_00000029.png 0 0 100 64 50 32 316 67 6
car_008_00000030.png 0 0 100 70 50 35 306 70 6
car_008_00000031.png 0 0 100 72 50 36 299 74 6
car_008_00000032.png 0 0 100 73 50 37 299 76 6
car_008_00000033.png 0 0 100 75 50 38 294 75 6
car_008_00000034.png 0 0 100 77 50 39 294 76 6
car_008_00000035.png 0 0 100 78 50 39 290 76 6
car_008_00000036.png 0 0 100 83 50 42 285 75 6
car_008_00000037.png 0 0 100 85 50 43 277 75 6
car_008_00000038.png 0 0 100 89 50 45 271 75 6
car_008_00000039.png 0 0 100 87 50 44 260 73 5
car_008_00000040.png 0 0 100 82 50 41 253 75 5
car_008_00000041.png 0 0 100 75 50 38 241 72 5
car_008_00000042.png 0 0 100 67 50 34 233 72 5
car_008_00000043.png 0 0 100 61 50 31 225 71 5
car_008_00000044.png 0 0 100 57 50 29 218 72 5
car_008_00000045.png 0 0 100 55 50 28 211 71 5
car_008_00000046.png 0 0 100 52 50 26 204 72 4
car_008_00000047.png 0 0 100 48 50 24 200 73 4
car_008_00000048.png 0 0 100 44 50 22 194 74 4
car_008_00000049.png 0 0 100 43 50 22 189 75 4
car_008_00000050.png 0 0 100 42 50 21 183 75 4
car_008_00000051.png 0 0 100 42 50 21 177 76 4
car_008_00000052.png 0 0 100 44 50 22 170 75 4
car_008_00000053.png 0 0 100 46 50 23 164 77 4
car_008_00000054.png 0 0 100 48 50 24 156 77 4
car_008_00000055.png 0 0 100 49 50 25 150 79 3
car_008_00000056.png 0 0 100 50 50 25 148 79 3
car_008_00000057.png 0 0 100 51 50 26 143 80 3
car_008_00000058.png 0 0 100 53 50 27 134 81 3
car_008_00000059.png 0 0 100 54 50 27 134 82 3
car_008_00000060.png 0 0 100 54 50 27 131 83 3
car_008_00000061.png 0 0 100 56 50 28 123 82 3
car_008_00000062.png 0 0 100 59 50 30 117 83 3
car_008_00000063.png 0 0 100 61 50 31 109 83 3
car_008_00000064.png 0 0 100 65 50 33 106 84 3
car_008_00000065.png 0 0 100 69 50 35 101 83 3
car_008_00000066.png 0 0 100 72 50 36 99 86 3
car_009_00000000.png 0 0 100 55 50 28 23 81 1
car_009_00000001.png 0 0 100 53 50 27 30 80 1
car_009_00000002.png 0 0 100 54 50 27 33 79 2
car_009_00000003.png 0 0 100 58 50 29 34 79 2
car_009_00000004.png 0 0 100 65 50 33 31 83 2
car_009_00000005.png 0 0 100 67 50 34 28 82 1
car_009_00000006.png 0 0 100 67 50 34 29 82 1
car_009_00000007.png 0 0 100 69 50 35 29 84 1
car_009_00000008.png 0 0 100 60 50 30 42 88 2
car_009_00000009.png 0 0 100 62 50 31 43 82 2
car_009_00000010.png 0 0 100 57 50 29 28 81 1
car_009_00000011.png 0 0 100 62 50 31 26 82 1
car_009_00000012.png 0 0 100 59 50 30 4 79 1
car_009_00000013.png 0 0 100 61 50 31 355 76 1
car_009_00000014.png 0 0 100 67 50 34 356 76 1
car_009_00000015.png 0 0 100 79 50 40 334 80 1
car_009_00000016.png 0 0 100 64 50 32 325 79 6
car_009_00000017.png 0 0 100 63 50 32 319 79 6
car_009_00000018.png 0 0 100 58 50 29 312 77 6
car_009_00000019.png 0 0 100 62 50 31 303 76 6
car_009_00000020.png 0 0 100 66 50 33 298 77 6
car_009_00000021.png 0 0 100 72 50 36 288 76 6
car_009_00000022.png 0 0 100 77 50 39 279 77 6
car_009_00000023.png 0 0 100 79 50 40 270 77 5
car_009_00000024.png 0 0 100 80 50 40 263 76 5
car_009_00000025.png 0 0 100 79 50 40 254 77 5
car_009_00000026.png 0 0 100 73 50 37 247 77 5
car_009_00000027.png 0 0 100 69 50 35 239 78 5
car_009_00000028.png 0 0 100 65 50 33 236 79 5
car_009_00000029.png 0 0 100 61 50 31 230 79 5
car_009_00000030.png 0 0 100 58 50 29 227 78 5
car_009_00000031.png 0 0 100 56 50 28 224 80 5
car_009_00000032.png 0 0 100 54 50 27 218 78 5
car_009_00000033.png 0 0 100 52 50 26 216 80 5
car_009_00000034.png 0 0 100 50 50 25 208 77 4
car_009_00000035.png 0 0 100 43 50 22 197 83 4
car_009_00000036.png 0 0 100 51 50 26 193 82 4
car_009_00000037.png 0 0 100 44 50 22 171 87 4
car_009_00000038.png 0 0 100 47 50 24 166 86 4
car_009_00000039.png 0 0 100 47 50 24 151 89 4
car_009_00000040.png 0 0 100 50 50 25 146 88 3
car_009_00000041.png 0 0 100 51 50 26 145 88 3
car_009_00000042.png 0 0 100 47 50 24 140 91 3
car_009_00000043.png 0 0 100 59 50 30 138 86 3
car_009_00000044.png 0 0 100 63 50 32 137 86 3
car_009_00000045.png 0 0 100 65 50 33 123 85 3
car_009_00000046.png 0 0 100 66 50 33 123 84 3
car_009_00000047.png 0 0 100 66 50 33 124 84 3
car_009_00000048.png 0 0 100 80 50 40 134 81 3
car_009_00000049.png 0 0 100 44 50 22 130 90 3
car_009_00000050.png 0 0 100 53 50 27 124 90 3
car_009_00000051.png 0 0 100 49 50 25 114 92 3
car_009_00000052.png 0 0 100 49 50 25 105 92 3
car_009_00000053.png 0 0 100 41 50 21 97 91 3
car_009_00000054.png 0 0 100 40 50 20 94 92 3
car_009_00000055.png 0 0 100 40 50 20 89 91 2
car_009_00000056.png 0 0 100 45 50 23 85 90 2
car_009_00000057.png 0 0 100 51 50 26 79 92 2
car_009_00000058.png 0 0 100 58 50 29 78 91 2
car_009_00000059.png 0 0 100 70 50 35 76 89 2
car_009_00000060.png 0 0 100 70 50 35 68 85 2
car_009_00000061.png 0 0 100 71 50 36 65 85 2
car_009_00000062.png 0 0 100 61 50 31 52 89 2
car_009_00000063.png 0 0 100 78 50 39 50 86 2
car_009_00000064.png 0 0 100 48 50 24 118 97 3
car_009_00000065.png 0 0 100 56 50 28 118 94 3
car_009_00000066.png 0 0 100 87 50 44 118 84 3
car_009_00000067.png 0 0 100 59 50 30 110 90 3
car_009_00000068.png 0 0 100 74 50 37 110 83 3
car_009_00000069.png 0 0 100 74 50 37 110 83 3
car_0011_00000000.png 0 0 100 38 50 19 159 86 4
car_0011_00000001.png 0 0 100 38 50 19 158 87 4
car_0011_00000002.png 0 0 100 39 50 20 150 90 3
car_0011_00000003.png 0 0 100 40 50 20 143 87 3
car_0011_00000004.png 0 0 100 40 50 20 139 88 3
car_0011_00000005.png 0 0 100 41 50 21 135 85 3
car_0011_00000006.png 0 0 100 43 50 22 131 86 3
car_0011_00000007.png 0 0 100 45 50 23 126 86 3
car_0011_00000008.png 0 0 100 47 50 24 122 87 3
car_0011_00000009.png 0 0 100 51 50 26 117 86 3
car_0011_00000010.png 0 0 100 55 50 28 114 86 3
car_0011_00000011.png 0 0 100 59 50 30 107 86 3
car_0011_00000012.png 0 0 100 65 50 33 102 86 3
car_0011_00000013.png 0 0 100 71 50 36 96 85 3
car_0011_00000014.png 0 0 100 77 50 39 92 87 3
car_0011_00000015.png 0 0 100 82 50 41 85 86 2
car_0011_00000016.png 0 0 100 83 50 42 81 87 2
car_0011_00000017.png 0 0 100 78 50 39 76 85 2
car_0011_00000018.png 0 0 100 70 50 35 72 86 2
car_0011_00000019.png 0 0 100 64 50 32 66 83 2
car_0011_00000020.png 0 0 100 59 50 30 62 83 2
car_0011_00000021.png 0 0 100 55 50 28 54 81 2
car_0011_00000022.png 0 0 100 52 50 26 49 82 2
car_0011_00000023.png 0 0 100 50 50 25 41 81 2
car_0011_00000024.png 0 0 100 48 50 24 40 82 2
car_0011_00000025.png 0 0 100 46 50 23 33 80 2
car_0011_00000026.png 0 0 100 44 50 22 28 81 1
car_0011_00000027.png 0 0 100 42 50 21 20 80 1
car_0011_00000028.png 0 0 100 40 50 20 16 79 1
car_0011_00000029.png 0 0 100 39 50 20 10 79 1
car_0011_00000030.png 0 0 100 38 50 19 6 79 1
car_0011_00000031.png 0 0 100 40 50 20 356 78 1
car_0011_00000032.png 0 0 100 43 50 22 349 78 1
car_0011_00000033.png 0 0 100 44 50 22 343 77 1
car_0011_00000034.png 0 0 100 47 50 24 339 77 1
car_0011_00000035.png 0 0 100 48 50 24 330 76 6
car_0011_00000036.png 0 0 100 53 50 27 322 79 6
car_0011_00000037.png 0 0 100 56 50 28 313 76 6
car_0011_00000038.png 0 0 100 62 50 31 310 77 6
car_0011_00000039.png 0 0 100 66 50 33 302 77 6
car_0011_00000040.png 0 0 100 73 50 37 296 76 6
car_0011_00000041.png 0 0 100 80 50 40 285 78 6
car_0011_00000042.png 0 0 100 79 50 40 288 77 6
car_0011_00000043.png 0 0 100 83 50 42 284 77 6
car_0011_00000044.png 0 0 100 91 50 46 278 78 6
car_0011_00000045.png 0 0 100 89 50 45 271 80 6
car_0011_00000046.png 0 0 100 83 50 42 266 80 5
car_0011_00000047.png 0 0 100 79 50 40 258 83 5
car_0011_00000048.png 0 0 100 77 50 39 255 83 5
car_0011_00000049.png 0 0 100 76 50 38 252 84 5
car_0011_00000050.png 0 0 100 80 50 40 252 79 5
car_0011_00000051.png 0 0 100 83 50 42 257 77 5
car_0011_00000052.png 0 0 100 64 50 32 246 79 5
car_0011_00000053.png 0 0 100 60 50 30 237 82 5
car_0011_00000054.png 0 0 100 54 50 27 231 82 5
car_0011_00000055.png 0 0 100 50 50 25 222 81 5
car_0011_00000056.png 0 0 100 48 50 24 218 82 5
car_0011_00000057.png 0 0 100 45 50 23 211 81 5
car_0011_00000058.png 0 0 100 44 50 22 214 82 5
car_0013_00000000.png 0 0 100 61 50 31 62 87 2
car_0013_00000001.png 0 0 100 63 50 32 60 86 2
car_0013_00000002.png 0 0 100 65 50 33 66 87 2
car_0013_00000003.png 0 0 100 68 50 34 69 86 2
car_0013_00000004.png 0 0 100 72 50 36 70 88 2
car_0013_00000005.png 0 0 100 76 50 38 74 86 2
car_0013_00000006.png 0 0 100 79 50 40 75 86 2
car_0013_00000007.png 0 0 100 83 50 42 80 87 2
car_0013_00000008.png 0 0 100 86 50 43 84 85 2
car_0013_00000009.png 0 0 100 86 50 43 89 90 2
car_0013_00000010.png 0 0 100 83 50 42 90 91 2
car_0013_00000011.png 0 0 100 78 50 39 90 87 2
car_0013_00000012.png 0 0 100 60 50 30 128 87 3
car_0013_00000013.png 0 0 100 58 50 29 129 86 3
car_0013_00000014.png 0 0 100 57 50 29 132 87 3
car_0013_00000015.png 0 0 100 54 50 27 132 84 3
car_0013_00000016.png 0 0 100 52 50 26 137 86 3
car_0013_00000017.png 0 0 100 50 50 25 141 85 3
car_0013_00000018.png 0 0 100 49 50 25 142 86 3
car_0013_00000019.png 0 0 100 47 50 24 147 85 3
car_0013_00000020.png 0 0 100 46 50 23 149 87 3
car_0013_00000021.png 0 0 100 44 50 22 158 88 4
car_0013_00000022.png 0 0 100 42 50 21 165 85 4
car_0013_00000023.png 0 0 100 42 50 21 168 87 4
car_0013_00000024.png 0 0 100 41 50 21 170 86 4
car_0013_00000025.png 0 0 100 42 50 21 172 88 4
car_0013_00000026.png 0 0 100 42 50 21 175 87 4
car_0013_00000027.png 0 0 100 41 50 21 179 87 4
car_0013_00000028.png 0 0 100 40 50 20 183 87 4
car_0013_00000029.png 0 0 100 42 50 21 188 84 4
car_0013_00000030.png 0 0 100 40 50 20 191 84 4
car_0013_00000031.png 0 0 100 44 50 22 198 82 4
car_0013_00000032.png 0 0 100 44 50 22 202 82 4
car_0013_00000033.png 0 0 100 47 50 24 207 81 4
car_0013_00000034.png 0 0 100 48 50 24 210 81 4
car_0013_00000035.png 0 0 100 51 50 26 216 80 5
car_0013_00000036.png 0 0 100 54 50 27 218 82 5
car_0013_00000037.png 0 0 100 54 50 27 224 81 5
car_0013_00000038.png 0 0 100 57 50 29 231 83 5
car_0013_00000039.png 0 0 100 59 50 30 238 83 5
car_0013_00000040.png 0 0 100 59 50 30 243 82 5
car_0013_00000041.png 0 0 100 62 50 31 250 83 5
car_0013_00000042.png 0 0 100 67 50 34 255 82 5
car_0013_00000043.png 0 0 100 74 50 37 260 83 5
car_0013_00000044.png 0 0 100 81 50 41 265 81 5
car_0013_00000045.png 0 0 100 84 50 42 272 83 6
car_0013_00000046.png 0 0 100 88 50 44 284 82 6
car_0013_00000047.png 0 0 100 82 50 41 292 81 6
car_0013_00000048.png 0 0 100 78 50 39 298 82 6
car_0013_00000049.png 0 0 100 75 50 38 303 79 6
car_0013_00000050.png 0 0 100 74 50 37 308 81 6
car_0013_00000051.png 0 0 100 59 50 30 324 80 6
car_0013_00000052.png 0 0 100 58 50 29 327 81 6
car_0013_00000053.png 0 0 100 53 50 27 329 84 6
car_0013_00000054.png 0 0 100 46 50 23 329 82 6
car_0013_00000055.png 0 0 100 46 50 23 330 83 6
car_0013_00000056.png 0 0 100 44 50 22 333 81 1
car_0013_00000057.png 0 0 100 43 50 22 333 80 1
car_0013_00000058.png 0 0 100 42 50 21 339 79 1
car_0013_00000059.png 0 0 100 41 50 21 344 81 1
car_0013_00000060.png 0 0 100 39 50 20 348 80 1
car_0013_00000061.png 0 0 100 39 50 20 351 82 1
car_0013_00000062.png 0 0 100 40 50 20 358 83 1
car_0013_00000063.png 0 0 100 41 50 21 1 82 1
car_0013_00000064.png 0 0 100 42 50 21 7 83 1
car_0013_00000065.png 0 0 100 43 50 22 10 83 1
car_0013_00000066.png 0 0 100 43 50 22 13 86 1
car_0013_00000067.png 0 0 100 44 50 22 14 84 1
car_0013_00000068.png 0 0 100 45 50 23 17 85 1
car_0013_00000069.png 0 0 100 45 50 23 21 85 1
car_0013_00000070.png 0 0 100 46 50 23 24 85 1
car_0015_00000000.png 0 0 100 34 50 17 209 86 4
car_0015_00000001.png 0 0 100 35 50 18 212 88 5
car_0015_00000002.png 0 0 100 37 50 19 216 87 5
car_0015_00000003.png 0 0 100 38 50 19 216 86 5
car_0015_00000004.png 0 0 100 40 50 20 220 86 5
car_0015_00000005.png 0 0 100 41 50 21 221 86 5
car_0015_00000006.png 0 0 100 41 50 21 226 84 5
car_0015_00000007.png 0 0 100 43 50 22 227 83 5
car_0015_00000008.png 0 0 100 47 50 24 231 81 5
car_0015_00000009.png 0 0 100 49 50 25 233 81 5
car_0015_00000010.png 0 0 100 53 50 27 237 82 5
car_0015_00000011.png 0 0 100 57 50 29 239 82 5
car_0015_00000012.png 0 0 100 59 50 30 244 81 5
car_0015_00000013.png 0 0 100 65 50 33 248 80 5
car_0015_00000014.png 0 0 100 66 50 33 252 79 5
car_0015_00000015.png 0 0 100 70 50 35 255 78 5
car_0015_00000016.png 0 0 100 70 50 35 258 77 5
car_0015_00000017.png 0 0 100 76 50 38 260 78 5
car_0015_00000018.png 0 0 100 80 50 40 263 78 5
car_0015_00000019.png 0 0 100 85 50 43 269 78 5
car_0015_00000020.png 0 0 100 83 50 42 273 79 6
car_0015_00000021.png 0 0 100 79 50 40 278 78 6
car_0015_00000022.png 0 0 100 74 50 37 282 79 6
car_0015_00000023.png 0 0 100 69 50 35 289 80 6
car_0015_00000024.png 0 0 100 63 50 32 292 79 6
car_0015_00000025.png 0 0 100 59 50 30 298 78 6
car_0015_00000026.png 0 0 100 53 50 27 303 77 6
car_0015_00000027.png 0 0 100 50 50 25 307 79 6
car_0015_00000028.png 0 0 100 46 50 23 311 77 6
car_0015_00000029.png 0 0 100 44 50 22 316 77 6
car_0015_00000030.png 0 0 100 40 50 20 324 77 6
car_0015_00000031.png 0 0 100 39 50 20 329 79 6
car_0015_00000032.png 0 0 100 36 50 18 334 78 1
car_0015_00000033.png 0 0 100 36 50 18 339 79 1
car_0015_00000034.png 0 0 100 33 50 17 346 79 1
car_0015_00000035.png 0 0 100 32 50 16 349 79 1
car_0015_00000036.png 0 0 100 32 50 16 353 79 1
car_0015_00000037.png 0 0 100 32 50 16 356 80 1
car_0015_00000038.png 0 0 100 32 50 16 1 80 1
car_0015_00000039.png 0 0 100 32 50 16 6 81 1
car_0015_00000040.png 0 0 100 32 50 16 9 81 1
car_0015_00000041.png 0 0 100 33 50 17 12 82 1
car_0015_00000042.png 0 0 100 33 50 17 13 82 1
car_0015_00000043.png 0 0 100 35 50 18 18 81 1
car_0015_00000044.png 0 0 100 36 50 18 20 83 1
car_0015_00000045.png 0 0 100 37 50 19 27 81 1
car_0015_00000046.png 0 0 100 38 50 19 29 82 1
car_0015_00000047.png 0 0 100 41 50 21 40 80 2
car_0015_00000048.png 0 0 100 42 50 21 42 83 2
car_0015_00000049.png 0 0 100 42 50 21 51 84 2
car_0015_00000050.png 0 0 100 44 50 22 57 85 2
car_0015_00000051.png 0 0 100 45 50 23 63 85 2
car_0017_00000000.png 0 0 100 49 50 25 328 85 6
car_0017_00000001.png 0 0 100 50 50 25 320 80 6
car_0017_00000002.png 0 0 100 51 50 26 318 80 6
car_0017_00000003.png 0 0 100 60 50 30 305 75 6
car_0017_00000004.png 0 0 100 54 50 27 320 77 6
car_0017_00000005.png 0 0 100 62 50 31 306 77 6
car_0017_00000006.png 0 0 100 62 50 31 306 78 6
car_0017_00000007.png 0 0 100 66 50 33 296 78 6
car_0017_00000008.png 0 0 100 70 50 35 293 77 6
car_0017_00000009.png 0 0 100 75 50 38 287 80 6
car_0017_00000010.png 0 0 100 82 50 41 283 79 6
car_0017_00000011.png 0 0 100 87 50 44 278 79 6
car_0017_00000012.png 0 0 100 86 50 43 272 78 6
car_0017_00000013.png 0 0 100 85 50 43 267 79 5
car_0017_00000014.png 0 0 100 81 50 41 260 78 5
car_0017_00000015.png 0 0 100 76 50 38 255 78 5
car_0017_00000016.png 0 0 100 71 50 36 250 76 5
car_0017_00000017.png 0 0 100 65 50 33 248 77 5
car_0017_00000018.png 0 0 100 61 50 31 244 78 5
car_0017_00000019.png 0 0 100 58 50 29 239 77 5
car_0017_00000020.png 0 0 100 55 50 28 237 78 5
car_0017_00000021.png 0 0 100 53 50 27 231 78 5
car_0017_00000022.png 0 0 100 51 50 26 229 79 5
car_0017_00000023.png 0 0 100 50 50 25 222 79 5
car_0017_00000024.png 0 0 100 47 50 24 213 80 5
car_0017_00000025.png 0 0 100 47 50 24 211 80 5
car_0017_00000026.png 0 0 100 45 50 23 209 81 4
car_0017_00000027.png 0 0 100 43 50 22 208 82 4
car_0017_00000028.png 0 0 100 43 50 22 206 83 4
car_0017_00000029.png 0 0 100 43 50 22 202 81 4
car_0017_00000030.png 0 0 100 42 50 21 201 82 4
car_0017_00000031.png 0 0 100 42 50 21 196 83 4
car_0017_00000032.png 0 0 100 41 50 21 192 83 4
car_0017_00000033.png 0 0 100 41 50 21 186 83 4
car_0017_00000034.png 0 0 100 39 50 20 182 82 4
car_0017_00000035.png 0 0 100 39 50 20 176 83 4
car_0017_00000036.png 0 0 100 40 50 20 171 83 4
car_0017_00000037.png 0 0 100 41 50 21 164 83 4
car_0017_00000038.png 0 0 100 42 50 21 160 83 4
car_0017_00000039.png 0 0 100 43 50 22 154 84 4
car_0017_00000040.png 0 0 100 44 50 22 149 83 3
car_0017_00000041.png 0 0 100 45 50 23 142 84 3
car_0017_00000042.png 0 0 100 47 50 24 138 84 3
car_0017_00000043.png 0 0 100 48 50 24 132 85 3
car_0017_00000044.png 0 0 100 50 50 25 128 85 3
car_0017_00000045.png 0 0 100 52 50 26 122 84 3
car_0017_00000046.png 0 0 100 55 50 28 119 86 3
car_0017_00000047.png 0 0 100 58 50 29 112 86 3
car_0017_00000048.png 0 0 100 62 50 31 107 86 3
car_0017_00000049.png 0 0 100 66 50 33 102 87 3
car_0017_00000050.png 0 0 100 71 50 36 96 86 3
car_0017_00000051.png 0 0 100 76 50 38 93 87 3
car_0017_00000052.png 0 0 100 80 50 40 87 86 2
car_0017_00000053.png 0 0 100 83 50 42 83 86 2
car_0017_00000054.png 0 0 100 83 50 42 77 85 2
car_0017_00000055.png 0 0 100 77 50 39 73 86 2
car_0017_00000056.png 0 0 100 71 50 36 68 84 2
car_0017_00000057.png 0 0 100 67 50 34 63 85 2
car_0017_00000058.png 0 0 100 63 50 32 56 84 2
car_0017_00000059.png 0 0 100 60 50 30 55 84 2
car_0017_00000060.png 0 0 100 56 50 28 50 84 2
car_0017_00000061.png 0 0 100 54 50 27 47 84 2
car_0017_00000062.png 0 0 100 52 50 26 44 84 2
car_0017_00000063.png 0 0 100 50 50 25 40 85 2
car_0017_00000064.png 0 0 100 48 50 24 38 82 2
car_0017_00000065.png 0 0 100 44 50 22 16 80 1
car_0018_00000000.png 0 0 100 85 50 43 78 92 2
car_0018_00000001.png 0 0 100 84 50 42 80 90 2
car_0018_00000002.png 0 0 100 83 50 42 83 91 2
car_0018_00000003.png 0 0 100 76 50 38 91 91 3
car_0018_00000004.png 0 0 100 74 50 37 94 90 3
car_0018_00000005.png 0 0 100 69 50 35 98 90 3
car_0018_00000006.png 0 0 100 66 50 33 99 89 3
car_0018_00000007.png 0 0 100 65 50 33 103 88 3
car_0018_00000008.png 0 0 100 63 50 32 105 88 3
car_0018_00000009.png 0 0 100 58 50 29 112 86 3
car_0018_00000010.png 0 0 100 56 50 28 115 86 3
car_0018_00000011.png 0 0 100 54 50 27 117 85 3
car_0018_00000012.png 0 0 100 53 50 27 123 82 3
car_0018_00000013.png 0 0 100 53 50 27 126 83 3
car_0018_00000014.png 0 0 100 51 50 26 127 82 3
car_0018_00000015.png 0 0 100 50 50 25 131 85 3
car_0018_00000016.png 0 0 100 48 50 24 138 85 3
car_0018_00000017.png 0 0 100 47 50 24 141 84 3
car_0018_00000018.png 0 0 100 45 50 23 147 83 3
car_0018_00000019.png 0 0 100 46 50 23 152 82 4
car_0018_00000020.png 0 0 100 44 50 22 158 82 4
car_0018_00000021.png 0 0 100 46 50 23 161 81 4
car_0018_00000022.png 0 0 100 44 50 22 165 80 4
car_0018_00000023.png 0 0 100 46 50 23 169 80 4
car_0018_00000024.png 0 0 100 46 50 23 174 81 4
car_0018_00000025.png 0 0 100 47 50 24 175 79 4
car_0018_00000026.png 0 0 100 46 50 23 176 80 4
car_0018_00000027.png 0 0 100 47 50 24 182 79 4
car_0018_00000028.png 0 0 100 50 50 25 192 76 4
car_0018_00000029.png 0 0 100 51 50 26 203 76 4
car_0018_00000030.png 0 0 100 53 50 27 207 79 4
car_0018_00000031.png 0 0 100 57 50 29 217 77 5
car_0018_00000032.png 0 0 100 56 50 28 223 77 5
car_0018_00000033.png 0 0 100 60 50 30 227 76 5
car_0018_00000034.png 0 0 100 62 50 31 233 76 5
car_0018_00000035.png 0 0 100 67 50 34 240 77 5
car_0018_00000036.png 0 0 100 72 50 36 247 79 5
car_0018_00000037.png 0 0 100 80 50 40 255 79 5
car_0018_00000038.png 0 0 100 85 50 43 260 81 5
car_0018_00000039.png 0 0 100 87 50 44 266 81 5
car_0018_00000040.png 0 0 100 88 50 44 272 83 6
car_0018_00000041.png 0 0 100 86 50 43 277 83 6
car_0018_00000042.png 0 0 100 82 50 41 281 84 6
car_0018_00000043.png 0 0 100 76 50 38 286 85 6
car_0018_00000044.png 0 0 100 73 50 37 290 86 6
car_0018_00000045.png 0 0 100 66 50 33 298 84 6
car_0018_00000046.png 0 0 100 63 50 32 303 87 6
car_0018_00000047.png 0 0 100 62 50 31 307 86 6
car_0018_00000048.png 0 0 100 61 50 31 308 87 6
car_0018_00000049.png 0 0 100 59 50 30 309 87 6
car_0018_00000050.png 0 0 100 57 50 29 309 86 6
car_0018_00000057.png 0 0 100 68 50 34 293 77 6
car_0018_00000058.png 0 0 100 67 50 34 293 74 6
car_0018_00000059.png 0 0 100 63 50 32 294 81 6
car_0018_00000060.png 0 0 100 70 50 35 295 76 6
car_0018_00000061.png 0 0 100 75 50 38 301 74 6
car_0019_00000000.png 0 0 100 41 50 21 39 87 2
car_0019_00000001.png 0 0 100 39 50 20 36 86 2
car_0019_00000002.png 0 0 100 38 50 19 37 87 2
car_0019_00000003.png 0 0 100 38 50 19 33 87 2
car_0019_00000004.png 0 0 100 37 50 19 27 86 1
car_0019_00000005.png 0 0 100 36 50 18 23 86 1
car_0019_00000006.png 0 0 100 36 50 18 19 88 1
car_0019_00000007.png 0 0 100 36 50 18 14 88 1
car_0019_00000008.png 0 0 100 35 50 18 11 85 1
car_0019_00000009.png 0 0 100 35 50 18 7 86 1
car_0019_00000010.png 0 0 100 33 50 17 358 84 1
car_0019_00000011.png 0 0 100 33 50 17 354 86 1
car_0019_00000012.png 0 0 100 36 50 18 345 86 1
car_0019_00000013.png 0 0 100 37 50 19 344 85 1
car_0019_00000014.png 0 0 100 39 50 20 337 84 1
car_0019_00000015.png 0 0 100 40 50 20 332 84 1
car_0019_00000016.png 0 0 100 43 50 22 324 83 6
car_0019_00000017.png 0 0 100 45 50 23 321 83 6
car_0019_00000018.png 0 0 100 50 50 25 316 83 6
car_0019_00000019.png 0 0 100 53 50 27 314 83 6
car_0019_00000020.png 0 0 100 58 50 29 308 83 6
car_0019_00000021.png 0 0 100 73 50 37 297 76 6
car_0019_00000022.png 0 0 100 78 50 39 293 76 6
car_0019_00000023.png 0 0 100 85 50 43 289 78 6
car_0019_00000024.png 0 0 100 89 50 45 285 79 6
car_0019_00000025.png 0 0 100 89 50 45 262 77 5
car_0019_00000026.png 0 0 100 85 50 43 258 77 5
car_0019_00000027.png 0 0 100 74 50 37 252 78 5
car_0019_00000028.png 0 0 100 66 50 33 242 78 5
car_0019_00000029.png 0 0 100 59 50 30 235 78 5
car_0019_00000030.png 0 0 100 54 50 27 230 78 5
car_0019_00000031.png 0 0 100 50 50 25 224 77 5
car_0019_00000032.png 0 0 100 48 50 24 218 76 5
car_0019_00000033.png 0 0 100 44 50 22 212 75 5
car_0019_00000034.png 0 0 100 42 50 21 206 77 4
car_0019_00000035.png 0 0 100 39 50 20 199 79 4
car_0019_00000036.png 0 0 100 38 50 19 196 79 4
car_0019_00000037.png 0 0 100 36 50 18 189 78 4
car_0019_00000038.png 0 0 100 36 50 18 182 78 4
car_0019_00000039.png 0 0 100 39 50 20 173 77 4
car_0019_00000040.png 0 0 100 38 50 19 167 80 4
car_0019_00000041.png 0 0 100 42 50 21 159 79 4
car_0019_00000042.png 0 0 100 41 50 21 155 80 4
car_0019_00000043.png 0 0 100 43 50 22 147 79 3
car_0019_00000044.png 0 0 100 45 50 23 142 82 3
car_0019_00000045.png 0 0 100 47 50 24 135 81 3
car_0019_00000046.png 0 0 100 48 50 24 128 83 3
car_0019_00000047.png 0 0 100 51 50 26 119 82 3
car_0019_00000048.png 0 0 100 55 50 28 113 83 3
car_0019_00000049.png 0 0 100 60 50 30 109 82 3
car_0019_00000050.png 0 0 100 67 50 34 104 83 3
car_0019_00000051.png 0 0 100 73 50 37 95 83 3
car_0019_00000052.png 0 0 100 77 50 39 89 84 2
car_0019_00000053.png 0 0 100 75 50 38 80 82 2
car_0019_00000054.png 0 0 100 73 50 37 74 82 2
car_0019_00000055.png 0 0 100 66 50 33 67 84 2
car_0019_00000056.png 0 0 100 61 50 31 61 84 2
car_0019_00000057.png 0 0 100 55 50 28 53 84 2
car_0019_00000058.png 0 0 100 50 50 25 49 84 2
car_0019_00000059.png 0 0 100 46 50 23 44 85 2
car_0019_00000060.png 0 0 100 44 50 22 37 76 2
car_0019_00000061.png 0 0 100 47 50 24 48 76 2
car_0019_00000062.png 0 0 100 76 50 38 109 73 3
car_0019_00000063.png 0 0 100 55 50 28 130 79 3
car_0019_00000064.png 0 0 100 45 50 23 147 69 3
car_0022_00000000.png 0 0 100 43 50 22 37 86 2
car_0022_00000001.png 0 0 100 42 50 21 34 84 2
car_0022_00000002.png 0 0 100 42 50 21 32 84 2
car_0022_00000003.png 0 0 100 40 50 20 28 83 1
car_0022_00000004.png 0 0 100 39 50 20 24 83 1
car_0022_00000005.png 0 0 100 39 50 20 18 82 1
car_0022_00000006.png 0 0 100 38 50 19 16 82 1
car_0022_00000007.png 0 0 100 38 50 19 17 80 1
car_0022_00000008.png 0 0 100 38 50 19 14 81 1
car_0022_00000009.png 0 0 100 38 50 19 6 80 1
car_0022_00000010.png 0 0 100 37 50 19 2 82 1
car_0022_00000011.png 0 0 100 37 50 19 356 82 1
car_0022_00000012.png 0 0 100 37 50 19 351 82 1
car_0022_00000013.png 0 0 100 37 50 19 345 82 1
car_0022_00000014.png 0 0 100 37 50 19 339 82 1
car_0022_00000015.png 0 0 100 38 50 19 334 80 1
car_0022_00000016.png 0 0 100 40 50 20 331 81 1
car_0022_00000017.png 0 0 100 40 50 20 322 80 6
car_0022_00000018.png 0 0 100 41 50 21 319 82 6
car_0022_00000019.png 0 0 100 44 50 22 314 82 6
car_0022_00000020.png 0 0 100 45 50 23 310 83 6
car_0022_00000021.png 0 0 100 47 50 24 307 81 6
car_0022_00000022.png 0 0 100 51 50 26 300 82 6
car_0022_00000023.png 0 0 100 55 50 28 293 80 6
car_0022_00000024.png 0 0 100 59 50 30 290 82 6
car_0022_00000025.png 0 0 100 64 50 32 283 82 6
car_0022_00000026.png 0 0 100 71 50 36 280 82 6
car_0022_00000027.png 0 0 100 75 50 38 272 81 6
car_0022_00000028.png 0 0 100 79 50 40 267 81 5
car_0022_00000029.png 0 0 100 81 50 41 257 82 5
car_0022_00000030.png 0 0 100 79 50 40 253 83 5
car_0022_00000031.png 0 0 100 74 50 37 248 84 5
car_0022_00000032.png 0 0 100 70 50 35 244 85 5
car_0022_00000033.png 0 0 100 62 50 31 239 85 5
car_0022_00000034.png 0 0 100 58 50 29 235 85 5
car_0022_00000035.png 0 0 100 53 50 27 231 84 5
car_0022_00000036.png 0 0 100 50 50 25 228 86 5
car_0022_00000037.png 0 0 100 49 50 25 227 86 5
car_0022_00000038.png 0 0 100 43 50 22 194 82 4
car_0022_00000039.png 0 0 100 53 50 27 126 91 3
car_0022_00000040.png 0 0 100 55 50 28 121 91 3
car_0022_00000041.png 0 0 100 57 50 29 114 88 3
car_0022_00000042.png 0 0 100 62 50 31 107 87 3
car_0022_00000043.png 0 0 100 67 50 34 100 87 3
car_0022_00000044.png 0 0 100 75 50 38 95 88 3
car_0022_00000045.png 0 0 100 80 50 40 88 87 2
car_0022_00000046.png 0 0 100 79 50 40 84 87 2
car_0022_00000047.png 0 0 100 75 50 38 77 87 2
car_0022_00000048.png 0 0 100 69 50 35 71 87 2
car_0022_00000049.png 0 0 100 63 50 32 66 87 2
car_0022_00000050.png 0 0 100 57 50 29 62 87 2
car_0022_00000051.png 0 0 100 54 50 27 60 87 2
car_0022_00000052.png 0 0 100 51 50 26 55 88 2
car_0022_00000053.png 0 0 100 50 50 25 54 88 2
car_0022_00000054.png 0 0 100 56 50 28 121 90 3
car_0022_00000055.png 0 0 100 51 50 26 132 89 3
