947 2
000005.jpg 0 0 500 375
000009.jpg 0 0 500 375
000016.jpg 0 0 334 500
000017.jpg 0 0 480 364
000019.jpg 0 0 500 375
000021.jpg 0 0 336 500
000023.jpg 0 0 334 500
000024.jpg 0 0 500 335
000030.jpg 0 0 500 375
000032.jpg 0 0 500 281
000033.jpg 0 0 500 366
000034.jpg 0 0 360 500
000035.jpg 0 0 500 375
000036.jpg 0 0 332 500
000039.jpg 0 0 500 375
000041.jpg 0 0 500 333
000042.jpg 0 0 500 335
000044.jpg 0 0 500 333
000046.jpg 0 0 332 500
000048.jpg 0 0 375 500
000050.jpg 0 0 500 375
000051.jpg 0 0 500 375
000052.jpg 0 0 500 333
000061.jpg 0 0 500 333
000063.jpg 0 0 500 375
000064.jpg 0 0 496 500
000065.jpg 0 0 500 335
000066.jpg 0 0 500 375
000072.jpg 0 0 333 500
000073.jpg 0 0 375 500
000077.jpg 0 0 500 333
000078.jpg 0 0 500 419
000081.jpg 0 0 500 333
000089.jpg 0 0 500 374
000093.jpg 0 0 500 339
000095.jpg 0 0 500 323
000099.jpg 0 0 500 375
000101.jpg 0 0 500 333
000102.jpg 0 0 500 375
000104.jpg 0 0 500 333
000107.jpg 0 0 500 375
000109.jpg 0 0 500 254
000110.jpg 0 0 500 375
000112.jpg 0 0 333 500
000113.jpg 0 0 500 332
000117.jpg 0 0 500 333
000118.jpg 0 0 500 375
000120.jpg 0 0 500 400
000121.jpg 0 0 500 375
000122.jpg 0 0 475 480
000123.jpg 0 0 500 375
000125.jpg 0 0 500 375
000129.jpg 0 0 334 500
000130.jpg 0 0 500 375
000132.jpg 0 0 500 421
000133.jpg 0 0 447 500
000138.jpg 0 0 500 332
000140.jpg 0 0 500 401
000141.jpg 0 0 500 423
000143.jpg 0 0 500 333
000146.jpg 0 0 374 500
000147.jpg 0 0 500 333
000150.jpg 0 0 500 333
000154.jpg 0 0 500 333
000158.jpg 0 0 500 375
000162.jpg 0 0 500 375
000163.jpg 0 0 500 432
000164.jpg 0 0 500 375
000165.jpg 0 0 500 386
000170.jpg 0 0 500 375
000171.jpg 0 0 375 500
000173.jpg 0 0 394 480
000174.jpg 0 0 500 333
000177.jpg 0 0 500 375
000184.jpg 0 0 500 375
000187.jpg 0 0 500 375
000189.jpg 0 0 500 375
000190.jpg 0 0 500 375
000192.jpg 0 0 500 375
000193.jpg 0 0 500 375
000194.jpg 0 0 320 224
000198.jpg 0 0 500 335
000200.jpg 0 0 500 249
000203.jpg 0 0 500 333
000207.jpg 0 0 334 500
000208.jpg 0 0 500 375
000209.jpg 0 0 500 375
000211.jpg 0 0 500 375
000214.jpg 0 0 500 375
000215.jpg 0 0 500 468
000218.jpg 0 0 500 333
000219.jpg 0 0 333 500
000222.jpg 0 0 500 375
000224.jpg 0 0 500 375
000225.jpg 0 0 500 333
000228.jpg 0 0 500 333
000229.jpg 0 0 500 375
000232.jpg 0 0 500 375
000235.jpg 0 0 500 375
000236.jpg 0 0 500 381
000241.jpg 0 0 500 375
000242.jpg 0 0 500 333
000244.jpg 0 0 500 333
000246.jpg 0 0 500 375
000249.jpg 0 0 500 333
000250.jpg 0 0 500 375
000256.jpg 0 0 500 343
000257.jpg 0 0 500 375
000259.jpg 0 0 500 362
000266.jpg 0 0 375 500
000268.jpg 0 0 500 333
000269.jpg 0 0 500 332
000270.jpg 0 0 500 323
000275.jpg 0 0 476 480
000276.jpg 0 0 375 500
000278.jpg 0 0 500 375
000282.jpg 0 0 500 374
000285.jpg 0 0 500 375
000294.jpg 0 0 500 375
000298.jpg 0 0 500 388
000304.jpg 0 0 375 500
000305.jpg 0 0 333 500
000306.jpg 0 0 500 176
000307.jpg 0 0 500 375
000308.jpg 0 0 500 375
000312.jpg 0 0 500 335
000321.jpg 0 0 333 500
000322.jpg 0 0 500 332
000323.jpg 0 0 500 375
000325.jpg 0 0 500 375
000328.jpg 0 0 500 332
000331.jpg 0 0 375 500
000332.jpg 0 0 500 333
000336.jpg 0 0 500 430
000337.jpg 0 0 500 375
000340.jpg 0 0 500 375
000344.jpg 0 0 375 500
000347.jpg 0 0 466 357
000349.jpg 0 0 500 375
000352.jpg 0 0 500 375
000354.jpg 0 0 500 375
000359.jpg 0 0 432 500
000363.jpg 0 0 500 333
000370.jpg 0 0 500 374
000372.jpg 0 0 500 334
000374.jpg 0 0 500 375
000379.jpg 0 0 500 375
000380.jpg 0 0 500 333
000381.jpg 0 0 375 500
000382.jpg 0 0 375 500
000391.jpg 0 0 500 458
000394.jpg 0 0 500 375
000395.jpg 0 0 500 322
000400.jpg 0 0 375 500
000403.jpg 0 0 500 375
000407.jpg 0 0 480 360
000408.jpg 0 0 375 500
000411.jpg 0 0 240 320
000416.jpg 0 0 500 375
000417.jpg 0 0 500 375
000419.jpg 0 0 500 375
000424.jpg 0 0 500 325
000427.jpg 0 0 500 334
000428.jpg 0 0 500 414
000430.jpg 0 0 500 375
000433.jpg 0 0 500 370
000435.jpg 0 0 500 332
000438.jpg 0 0 500 332
000439.jpg 0 0 500 333
000443.jpg 0 0 500 464
000446.jpg 0 0 332 500
000448.jpg 0 0 500 375
000450.jpg 0 0 375 500
000454.jpg 0 0 500 297
000459.jpg 0 0 500 334
000460.jpg 0 0 500 375
000462.jpg 0 0 500 375
000464.jpg 0 0 375 500
000468.jpg 0 0 333 500
000470.jpg 0 0 500 375
000476.jpg 0 0 500 375
000480.jpg 0 0 500 375
000482.jpg 0 0 500 334
000483.jpg 0 0 383 480
000484.jpg 0 0 500 375
000486.jpg 0 0 375 500
000489.jpg 0 0 500 375
000491.jpg 0 0 500 334
000492.jpg 0 0 500 375
000496.jpg 0 0 500 375
000498.jpg 0 0 326 500
000499.jpg 0 0 500 375
000500.jpg 0 0 500 375
000501.jpg 0 0 389 500
000503.jpg 0 0 500 375
000508.jpg 0 0 500 375
000513.jpg 0 0 500 333
000514.jpg 0 0 500 375
000516.jpg 0 0 500 375
000518.jpg 0 0 500 333
000519.jpg 0 0 500 375
000520.jpg 0 0 334 500
000523.jpg 0 0 375 500
000524.jpg 0 0 500 322
000525.jpg 0 0 500 331
000526.jpg 0 0 500 333
000528.jpg 0 0 500 375
000530.jpg 0 0 332 500
000531.jpg 0 0 500 375
000535.jpg 0 0 500 374
000537.jpg 0 0 500 400
000540.jpg 0 0 500 335
000544.jpg 0 0 500 333
000549.jpg 0 0 375 500
000550.jpg 0 0 500 375
000552.jpg 0 0 500 331
000555.jpg 0 0 500 375
000559.jpg 0 0 500 370
000563.jpg 0 0 500 375
000564.jpg 0 0 500 333
000565.jpg 0 0 500 375
000577.jpg 0 0 500 333
000581.jpg 0 0 500 332
000582.jpg 0 0 375 500
000583.jpg 0 0 500 276
000588.jpg 0 0 500 375
000589.jpg 0 0 500 375
000591.jpg 0 0 500 333
000592.jpg 0 0 500 375
000597.jpg 0 0 500 375
000598.jpg 0 0 500 344
000599.jpg 0 0 500 375
000601.jpg 0 0 500 348
000608.jpg 0 0 500 375
000609.jpg 0 0 500 375
000610.jpg 0 0 500 335
000612.jpg 0 0 375 500
000613.jpg 0 0 500 333
000619.jpg 0 0 500 333
000622.jpg 0 0 500 375
000625.jpg 0 0 500 375
000626.jpg 0 0 500 400
000632.jpg 0 0 500 375
000633.jpg 0 0 500 375
000635.jpg 0 0 500 375
000637.jpg 0 0 500 375
000645.jpg 0 0 500 375
000647.jpg 0 0 500 333
000654.jpg 0 0 500 333
000656.jpg 0 0 500 333
000657.jpg 0 0 500 333
000660.jpg 0 0 500 332
000661.jpg 0 0 500 375
000667.jpg 0 0 434 500
000671.jpg 0 0 326 500
000675.jpg 0 0 500 335
000676.jpg 0 0 500 375
000677.jpg 0 0 333 500
000680.jpg 0 0 500 375
000682.jpg 0 0 500 375
000684.jpg 0 0 375 500
000685.jpg 0 0 500 375
000686.jpg 0 0 500 375
000689.jpg 0 0 500 353
000690.jpg 0 0 500 375
000694.jpg 0 0 500 375
000695.jpg 0 0 500 375
000699.jpg 0 0 500 381
000702.jpg 0 0 500 375
000705.jpg 0 0 500 234
000707.jpg 0 0 375 500
000709.jpg 0 0 500 377
000710.jpg 0 0 375 500
000711.jpg 0 0 500 375
000712.jpg 0 0 500 341
000713.jpg 0 0 500 336
000714.jpg 0 0 500 335
000717.jpg 0 0 500 375
000720.jpg 0 0 500 333
000726.jpg 0 0 500 333
000728.jpg 0 0 500 333
000729.jpg 0 0 375 500
000730.jpg 0 0 500 333
000731.jpg 0 0 329 500
000733.jpg 0 0 450 435
000738.jpg 0 0 500 332
000739.jpg 0 0 500 374
000740.jpg 0 0 500 375
000742.jpg 0 0 500 338
000746.jpg 0 0 500 333
000748.jpg 0 0 500 292
000750.jpg 0 0 375 500
000752.jpg 0 0 500 332
000753.jpg 0 0 500 375
000755.jpg 0 0 500 375
000756.jpg 0 0 365 500
000760.jpg 0 0 500 332
000761.jpg 0 0 500 375
000763.jpg 0 0 500 333
000764.jpg 0 0 500 332
000767.jpg 0 0 500 375
000768.jpg 0 0 500 375
000770.jpg 0 0 500 375
000771.jpg 0 0 375 500
000772.jpg 0 0 360 480
000774.jpg 0 0 500 313
000777.jpg 0 0 500 333
000780.jpg 0 0 500 375
000782.jpg 0 0 330 500
000786.jpg 0 0 500 335
000791.jpg 0 0 500 332
000793.jpg 0 0 500 375
000794.jpg 0 0 500 375
000796.jpg 0 0 500 375
000797.jpg 0 0 500 375
000799.jpg 0 0 500 441
000802.jpg 0 0 500 375
000804.jpg 0 0 333 500
000805.jpg 0 0 375 500
000806.jpg 0 0 333 500
000808.jpg 0 0 500 333
000810.jpg 0 0 500 375
000812.jpg 0 0 500 333
000814.jpg 0 0 348 500
000815.jpg 0 0 500 374
000816.jpg 0 0 500 500
000820.jpg 0 0 500 375
000822.jpg 0 0 500 374
000826.jpg 0 0 500 478
000827.jpg 0 0 500 333
000828.jpg 0 0 375 500
000830.jpg 0 0 500 375
000831.jpg 0 0 335 500
000832.jpg 0 0 375 500
000834.jpg 0 0 500 375
000842.jpg 0 0 500 356
000843.jpg 0 0 500 333
000845.jpg 0 0 500 335
000847.jpg 0 0 375 500
000848.jpg 0 0 500 334
000849.jpg 0 0 200 368
000850.jpg 0 0 500 375
000851.jpg 0 0 500 375
000854.jpg 0 0 500 375
000857.jpg 0 0 500 375
000859.jpg 0 0 500 333
000862.jpg 0 0 500 375
000863.jpg 0 0 500 317
000865.jpg 0 0 500 375
000867.jpg 0 0 375 500
000868.jpg 0 0 500 375
000872.jpg 0 0 500 375
000874.jpg 0 0 500 332
000876.jpg 0 0 500 334
000878.jpg 0 0 500 333
000879.jpg 0 0 500 375
000880.jpg 0 0 500 369
000882.jpg 0 0 500 357
000885.jpg 0 0 500 456
000887.jpg 0 0 500 320
000889.jpg 0 0 374 500
000892.jpg 0 0 500 375
000895.jpg 0 0 500 375
000896.jpg 0 0 500 375
000898.jpg 0 0 500 375
000899.jpg 0 0 500 333
000900.jpg 0 0 500 375
000902.jpg 0 0 500 399
000903.jpg 0 0 416 500
000904.jpg 0 0 500 375
000908.jpg 0 0 500 375
000912.jpg 0 0 500 334
000915.jpg 0 0 500 375
000917.jpg 0 0 480 360
000918.jpg 0 0 333 500
000919.jpg 0 0 500 331
000920.jpg 0 0 500 379
000921.jpg 0 0 500 375
000923.jpg 0 0 500 375
000926.jpg 0 0 375 500
000929.jpg 0 0 500 375
000931.jpg 0 0 500 375
000934.jpg 0 0 500 333
000936.jpg 0 0 500 334
000943.jpg 0 0 500 375
000946.jpg 0 0 500 375
000947.jpg 0 0 238 500
000948.jpg 0 0 500 375
000949.jpg 0 0 340 500
000950.jpg 0 0 500 331
000951.jpg 0 0 500 375
000954.jpg 0 0 500 332
000958.jpg 0 0 400 300
000962.jpg 0 0 500 375
000964.jpg 0 0 500 333
000965.jpg 0 0 375 500
000966.jpg 0 0 500 353
000967.jpg 0 0 500 375
000971.jpg 0 0 500 375
000973.jpg 0 0 500 375
000980.jpg 0 0 500 333
000982.jpg 0 0 500 377
000989.jpg 0 0 500 333
000991.jpg 0 0 318 480
000993.jpg 0 0 500 493
000996.jpg 0 0 500 375
000997.jpg 0 0 500 375
000999.jpg 0 0 375 500
001001.jpg 0 0 500 375
001002.jpg 0 0 375 500
001004.jpg 0 0 500 375
001008.jpg 0 0 500 375
001009.jpg 0 0 500 375
001010.jpg 0 0 500 375
001011.jpg 0 0 500 375
001012.jpg 0 0 500 333
001014.jpg 0 0 500 375
001015.jpg 0 0 500 333
001017.jpg 0 0 333 500
001018.jpg 0 0 500 375
001024.jpg 0 0 500 375
001027.jpg 0 0 500 375
001028.jpg 0 0 406 500
001036.jpg 0 0 500 375
001041.jpg 0 0 500 375
001042.jpg 0 0 500 375
001043.jpg 0 0 500 333
001045.jpg 0 0 375 500
001050.jpg 0 0 500 375
001053.jpg 0 0 323 500
001056.jpg 0 0 500 334
001061.jpg 0 0 500 375
001062.jpg 0 0 375 500
001064.jpg 0 0 320 216
001066.jpg 0 0 500 329
001068.jpg 0 0 500 332
001072.jpg 0 0 500 386
001073.jpg 0 0 500 375
001074.jpg 0 0 500 285
001077.jpg 0 0 500 375
001078.jpg 0 0 500 375
001079.jpg 0 0 500 375
001082.jpg 0 0 500 375
001083.jpg 0 0 500 333
001084.jpg 0 0 318 480
001091.jpg 0 0 500 375
001092.jpg 0 0 500 334
001097.jpg 0 0 500 334
001101.jpg 0 0 500 333
001102.jpg 0 0 500 334
001104.jpg 0 0 500 334
001106.jpg 0 0 500 375
001107.jpg 0 0 500 332
001109.jpg 0 0 500 333
001110.jpg 0 0 500 375
001113.jpg 0 0 500 375
001121.jpg 0 0 375 500
001127.jpg 0 0 500 375
001129.jpg 0 0 500 270
001130.jpg 0 0 500 375
001136.jpg 0 0 500 500
001137.jpg 0 0 500 333
001140.jpg 0 0 375 500
001142.jpg 0 0 500 375
001143.jpg 0 0 375 500
001144.jpg 0 0 500 333
001145.jpg 0 0 375 500
001147.jpg 0 0 500 333
001149.jpg 0 0 500 375
001151.jpg 0 0 500 331
001152.jpg 0 0 448 336
001154.jpg 0 0 500 375
001156.jpg 0 0 500 399
001158.jpg 0 0 500 375
001160.jpg 0 0 500 333
001161.jpg 0 0 500 375
001164.jpg 0 0 500 375
001166.jpg 0 0 500 375
001168.jpg 0 0 500 375
001170.jpg 0 0 500 375
001171.jpg 0 0 500 331
001172.jpg 0 0 500 187
001174.jpg 0 0 500 375
001175.jpg 0 0 500 375
001176.jpg 0 0 500 375
001182.jpg 0 0 500 375
001184.jpg 0 0 500 375
001185.jpg 0 0 500 375
001186.jpg 0 0 375 500
001187.jpg 0 0 375 500
001191.jpg 0 0 500 375
001192.jpg 0 0 500 375
001194.jpg 0 0 500 375
001199.jpg 0 0 500 375
001200.jpg 0 0 500 339
001201.jpg 0 0 500 333
001203.jpg 0 0 350 240
001204.jpg 0 0 500 375
001205.jpg 0 0 500 335
001206.jpg 0 0 500 375
001207.jpg 0 0 500 375
001209.jpg 0 0 500 375
001211.jpg 0 0 409 500
001212.jpg 0 0 500 375
001214.jpg 0 0 500 375
001215.jpg 0 0 500 375
001221.jpg 0 0 332 500
001224.jpg 0 0 500 333
001225.jpg 0 0 387 500
001226.jpg 0 0 500 333
001229.jpg 0 0 500 375
001230.jpg 0 0 500 399
001231.jpg 0 0 500 375
001233.jpg 0 0 333 500
001234.jpg 0 0 260 500
001236.jpg 0 0 500 399
001239.jpg 0 0 500 375
001240.jpg 0 0 500 375
001241.jpg 0 0 375 500
001247.jpg 0 0 500 334
001248.jpg 0 0 500 375
001250.jpg 0 0 432 288
001254.jpg 0 0 500 332
001259.jpg 0 0 500 334
001260.jpg 0 0 500 375
001263.jpg 0 0 500 375
001265.jpg 0 0 327 500
001266.jpg 0 0 500 332
001269.jpg 0 0 500 333
001270.jpg 0 0 500 357
001272.jpg 0 0 500 414
001273.jpg 0 0 440 500
001274.jpg 0 0 375 500
001277.jpg 0 0 500 332
001279.jpg 0 0 375 500
001284.jpg 0 0 500 375
001286.jpg 0 0 500 331
001287.jpg 0 0 500 401
001288.jpg 0 0 500 342
001289.jpg 0 0 500 309
001293.jpg 0 0 500 492
001298.jpg 0 0 500 375
001299.jpg 0 0 429 500
001304.jpg 0 0 333 500
001309.jpg 0 0 348 500
001310.jpg 0 0 500 375
001311.jpg 0 0 500 319
001312.jpg 0 0 500 375
001314.jpg 0 0 500 333
001315.jpg 0 0 300 400
001316.jpg 0 0 500 375
001323.jpg 0 0 500 375
001324.jpg 0 0 500 333
001325.jpg 0 0 500 379
001326.jpg 0 0 500 375
001327.jpg 0 0 375 500
001332.jpg 0 0 375 500
001333.jpg 0 0 500 375
001337.jpg 0 0 318 480
001341.jpg 0 0 500 377
001343.jpg 0 0 500 375
001345.jpg 0 0 500 375
001346.jpg 0 0 500 229
001348.jpg 0 0 500 333
001350.jpg 0 0 500 375
001361.jpg 0 0 500 333
001362.jpg 0 0 333 500
001365.jpg 0 0 500 331
001375.jpg 0 0 500 410
001378.jpg 0 0 383 500
001383.jpg 0 0 500 375
001387.jpg 0 0 375 500
001388.jpg 0 0 500 414
001390.jpg 0 0 500 333
001393.jpg 0 0 500 375
001395.jpg 0 0 500 375
001397.jpg 0 0 333 500
001400.jpg 0 0 375 500
001402.jpg 0 0 500 375
001404.jpg 0 0 500 375
001405.jpg 0 0 332 500
001406.jpg 0 0 500 375
001408.jpg 0 0 333 500
001413.jpg 0 0 500 375
001418.jpg 0 0 405 480
001420.jpg 0 0 500 332
001421.jpg 0 0 375 500
001426.jpg 0 0 333 500
001427.jpg 0 0 369 500
001430.jpg 0 0 500 375
001434.jpg 0 0 500 332
001436.jpg 0 0 500 335
001439.jpg 0 0 375 500
001441.jpg 0 0 500 376
001442.jpg 0 0 500 333
001443.jpg 0 0 500 374
001444.jpg 0 0 500 375
001450.jpg 0 0 500 331
001451.jpg 0 0 500 334
001453.jpg 0 0 500 375
001457.jpg 0 0 500 375
001460.jpg 0 0 500 333
001463.jpg 0 0 500 375
001464.jpg 0 0 500 215
001465.jpg 0 0 500 375
001467.jpg 0 0 500 375
001468.jpg 0 0 400 267
001470.jpg 0 0 500 375
001475.jpg 0 0 500 362
001479.jpg 0 0 500 375
001480.jpg 0 0 500 376
001481.jpg 0 0 500 375
001483.jpg 0 0 500 333
001484.jpg 0 0 476 300
001485.jpg 0 0 500 333
001486.jpg 0 0 500 375
001490.jpg 0 0 500 333
001493.jpg 0 0 500 375
001497.jpg 0 0 500 375
001498.jpg 0 0 375 500
001499.jpg 0 0 500 375
001501.jpg 0 0 500 374
001504.jpg 0 0 375 500
001509.jpg 0 0 315 500
001510.jpg 0 0 500 375
001512.jpg 0 0 500 333
001514.jpg 0 0 500 333
001515.jpg 0 0 409 500
001517.jpg 0 0 500 375
001521.jpg 0 0 375 500
001522.jpg 0 0 500 375
001523.jpg 0 0 500 375
001524.jpg 0 0 500 370
001526.jpg 0 0 500 298
001528.jpg 0 0 383 500
001529.jpg 0 0 500 375
001531.jpg 0 0 500 375
001536.jpg 0 0 500 375
001537.jpg 0 0 500 332
001539.jpg 0 0 500 375
001541.jpg 0 0 500 332
001543.jpg 0 0 500 375
001544.jpg 0 0 500 375
001545.jpg 0 0 500 375
001548.jpg 0 0 500 375
001553.jpg 0 0 500 387
001554.jpg 0 0 500 375
001555.jpg 0 0 500 375
001556.jpg 0 0 500 332
001557.jpg 0 0 500 139
001563.jpg 0 0 500 333
001565.jpg 0 0 500 332
001571.jpg 0 0 500 331
001577.jpg 0 0 500 375
001579.jpg 0 0 375 500
001580.jpg 0 0 500 375
001582.jpg 0 0 500 375
001586.jpg 0 0 480 398
001588.jpg 0 0 500 333
001590.jpg 0 0 375 500
001593.jpg 0 0 423 500
001594.jpg 0 0 500 333
001595.jpg 0 0 500 375
001597.jpg 0 0 500 375
001598.jpg 0 0 500 333
001603.jpg 0 0 500 333
001607.jpg 0 0 500 375
001608.jpg 0 0 500 375
001610.jpg 0 0 500 375
001611.jpg 0 0 495 500
001612.jpg 0 0 500 333
001614.jpg 0 0 500 375
001617.jpg 0 0 500 331
001627.jpg 0 0 375 500
001628.jpg 0 0 480 394
001630.jpg 0 0 375 500
001632.jpg 0 0 500 375
001633.jpg 0 0 500 375
001636.jpg 0 0 500 375
001638.jpg 0 0 500 333
001642.jpg 0 0 381 463
001643.jpg 0 0 500 333
001647.jpg 0 0 375 500
001649.jpg 0 0 444 500
001650.jpg 0 0 500 333
001651.jpg 0 0 375 500
001653.jpg 0 0 500 375
001661.jpg 0 0 500 375
001669.jpg 0 0 375 500
001673.jpg 0 0 500 375
001675.jpg 0 0 500 333
001677.jpg 0 0 500 375
001678.jpg 0 0 500 333
001680.jpg 0 0 375 500
001682.jpg 0 0 500 333
001683.jpg 0 0 500 375
001684.jpg 0 0 500 422
001685.jpg 0 0 500 375
001686.jpg 0 0 375 500
001688.jpg 0 0 500 375
001689.jpg 0 0 375 500
001690.jpg 0 0 500 332
001691.jpg 0 0 500 375
001707.jpg 0 0 426 500
001708.jpg 0 0 500 369
001711.jpg 0 0 500 375
001713.jpg 0 0 500 435
001714.jpg 0 0 332 500
001717.jpg 0 0 500 404
001718.jpg 0 0 500 333
001721.jpg 0 0 500 341
001723.jpg 0 0 333 500
001724.jpg 0 0 275 315
001725.jpg 0 0 375 500
001726.jpg 0 0 500 375
001727.jpg 0 0 480 318
001729.jpg 0 0 500 333
001730.jpg 0 0 500 375
001732.jpg 0 0 500 332
001733.jpg 0 0 500 500
001734.jpg 0 0 500 375
001738.jpg 0 0 500 375
001739.jpg 0 0 333 500
001741.jpg 0 0 400 254
001747.jpg 0 0 500 375
001749.jpg 0 0 375 500
001750.jpg 0 0 500 333
001752.jpg 0 0 375 500
001754.jpg 0 0 375 500
001755.jpg 0 0 500 333
001756.jpg 0 0 375 500
001758.jpg 0 0 374 500
001759.jpg 0 0 500 375
001761.jpg 0 0 500 333
001765.jpg 0 0 500 375
001766.jpg 0 0 500 375
001768.jpg 0 0 375 500
001771.jpg 0 0 500 375
001772.jpg 0 0 374 500
001775.jpg 0 0 500 333
001777.jpg 0 0 500 334
001778.jpg 0 0 500 375
001782.jpg 0 0 500 429
001784.jpg 0 0 500 335
001785.jpg 0 0 500 333
001787.jpg 0 0 500 375
001789.jpg 0 0 500 375
001793.jpg 0 0 375 500
001795.jpg 0 0 500 375
001797.jpg 0 0 500 375
001799.jpg 0 0 500 392
001800.jpg 0 0 375 500
001806.jpg 0 0 328 500
001807.jpg 0 0 500 333
001809.jpg 0 0 436 500
001810.jpg 0 0 500 375
001816.jpg 0 0 500 375
001818.jpg 0 0 500 332
001825.jpg 0 0 500 375
001827.jpg 0 0 500 375
001828.jpg 0 0 333 500
001830.jpg 0 0 373 500
001832.jpg 0 0 500 375
001833.jpg 0 0 500 375
001834.jpg 0 0 500 334
001836.jpg 0 0 500 375
001837.jpg 0 0 375 500
001840.jpg 0 0 500 375
001841.jpg 0 0 375 500
001842.jpg 0 0 500 379
001843.jpg 0 0 500 375
001847.jpg 0 0 500 370
001849.jpg 0 0 500 375
001853.jpg 0 0 500 375
001854.jpg 0 0 333 499
001855.jpg 0 0 500 375
001858.jpg 0 0 500 333
001860.jpg 0 0 400 285
001861.jpg 0 0 500 363
001864.jpg 0 0 500 375
001870.jpg 0 0 400 400
001872.jpg 0 0 500 375
001875.jpg 0 0 500 375
001878.jpg 0 0 500 375
001882.jpg 0 0 500 333
001887.jpg 0 0 500 375
001888.jpg 0 0 375 500
001892.jpg 0 0 500 375
001894.jpg 0 0 500 375
001896.jpg 0 0 500 375
001898.jpg 0 0 374 500
001901.jpg 0 0 375 500
001903.jpg 0 0 500 333
001904.jpg 0 0 500 335
001906.jpg 0 0 500 301
001907.jpg 0 0 500 375
001911.jpg 0 0 500 333
001915.jpg 0 0 500 375
001918.jpg 0 0 500 375
001920.jpg 0 0 500 375
001922.jpg 0 0 500 400
001927.jpg 0 0 500 332
001928.jpg 0 0 500 500
001930.jpg 0 0 500 346
001932.jpg 0 0 500 373
001933.jpg 0 0 500 375
001934.jpg 0 0 322 291
001936.jpg 0 0 500 333
001938.jpg 0 0 500 375
001940.jpg 0 0 333 500
001941.jpg 0 0 500 375
001945.jpg 0 0 318 480
001948.jpg 0 0 500 333
001952.jpg 0 0 500 397
001958.jpg 0 0 500 375
001960.jpg 0 0 329 500
001963.jpg 0 0 500 375
001964.jpg 0 0 500 375
001970.jpg 0 0 500 375
001971.jpg 0 0 500 375
001972.jpg 0 0 333 500
001976.jpg 0 0 500 383
001977.jpg 0 0 500 310
001978.jpg 0 0 500 334
001981.jpg 0 0 500 375
001982.jpg 0 0 500 375
001985.jpg 0 0 333 500
001989.jpg 0 0 500 375
001995.jpg 0 0 375 500
001999.jpg 0 0 500 375
002000.jpg 0 0 500 375
002001.jpg 0 0 500 375
002002.jpg 0 0 500 375
002004.jpg 0 0 375 500
002006.jpg 0 0 500 375
002011.jpg 0 0 500 375
002012.jpg 0 0 375 500
002015.jpg 0 0 500 375
002020.jpg 0 0 500 333
002021.jpg 0 0 500 333
002022.jpg 0 0 500 333
002024.jpg 0 0 500 375
002025.jpg 0 0 375 500
002027.jpg 0 0 500 375
002030.jpg 0 0 500 375
002034.jpg 0 0 500 288
002036.jpg 0 0 500 325
002037.jpg 0 0 500 375
002039.jpg 0 0 500 332
002042.jpg 0 0 480 360
002043.jpg 0 0 454 500
002047.jpg 0 0 500 375
002049.jpg 0 0 500 315
002051.jpg 0 0 333 500
002054.jpg 0 0 500 414
002055.jpg 0 0 500 375
002058.jpg 0 0 500 333
002061.jpg 0 0 500 375
002063.jpg 0 0 375 500
002064.jpg 0 0 500 375
002067.jpg 0 0 500 333
002068.jpg 0 0 500 335
002069.jpg 0 0 500 375
002070.jpg 0 0 500 189
002082.jpg 0 0 500 302
002083.jpg 0 0 500 375
002086.jpg 0 0 500 375
002088.jpg 0 0 500 332
002090.jpg 0 0 400 300
002091.jpg 0 0 500 375
002094.jpg 0 0 500 332
002095.jpg 0 0 293 383
002096.jpg 0 0 334 500
002098.jpg 0 0 500 375
002099.jpg 0 0 500 375
002101.jpg 0 0 333 500
002102.jpg 0 0 500 283
002104.jpg 0 0 500 332
002108.jpg 0 0 500 375
002109.jpg 0 0 400 300
002112.jpg 0 0 375 500
002114.jpg 0 0 500 375
002117.jpg 0 0 375 500
002120.jpg 0 0 500 335
002124.jpg 0 0 500 333
002126.jpg 0 0 500 375
002129.jpg 0 0 500 379
002132.jpg 0 0 500 375
002136.jpg 0 0 500 375
002139.jpg 0 0 400 500
002140.jpg 0 0 375 500
002142.jpg 0 0 500 333
002145.jpg 0 0 340 500
002146.jpg 0 0 375 500
002151.jpg 0 0 375 500
002152.jpg 0 0 500 500
002155.jpg 0 0 500 333
002156.jpg 0 0 500 375
002158.jpg 0 0 500 300
002163.jpg 0 0 500 375
002165.jpg 0 0 331 500
002166.jpg 0 0 500 337
002169.jpg 0 0 334 500
002171.jpg 0 0 375 500
002172.jpg 0 0 500 375
002176.jpg 0 0 500 404
002179.jpg 0 0 500 375
002181.jpg 0 0 500 375
002183.jpg 0 0 500 327
002184.jpg 0 0 500 375
002186.jpg 0 0 500 375
002187.jpg 0 0 500 332
002190.jpg 0 0 500 333
002191.jpg 0 0 500 375
002192.jpg 0 0 500 375
002193.jpg 0 0 500 375
002194.jpg 0 0 500 333
002196.jpg 0 0 375 500
002199.jpg 0 0 500 372
002201.jpg 0 0 500 375
002202.jpg 0 0 500 364
002208.jpg 0 0 500 375
002209.jpg 0 0 500 500
002212.jpg 0 0 500 334
002213.jpg 0 0 464 380
002214.jpg 0 0 500 375
002215.jpg 0 0 500 261
002218.jpg 0 0 500 327
002219.jpg 0 0 500 375
002220.jpg 0 0 500 375
002221.jpg 0 0 375 500
002224.jpg 0 0 500 375
002226.jpg 0 0 500 333
002233.jpg 0 0 273 500
002234.jpg 0 0 500 375
002237.jpg 0 0 500 375
002238.jpg 0 0 500 327
002249.jpg 0 0 500 332
002251.jpg 0 0 500 375
002253.jpg 0 0 500 385
002255.jpg 0 0 392 336
002256.jpg 0 0 500 375
002257.jpg 0 0 500 375
002259.jpg 0 0 500 333
002260.jpg 0 0 500 330
002261.jpg 0 0 500 332
002263.jpg 0 0 500 375
